X1: 0.998812678505659
X1: 1.997061618642644
X1: 2.991527657625436